# Exact mass evaluations for elemental isotopes
# Source: The AME2003 atomic mass evaluation (I). Evaluation of input data, adjustment procedures. A.H. Wapstra, G. Audi, and C. Thibault. Nuclear Physics A729, 129 (2003).
# Source: The AME2003 atomic mass evaluation (II). Tables, graphs, and references. G. Audi, A.H. Wapstra, and C. Thibault. Nuclear Physics A729, 337 (2003).
# Source: http://www.nndc.bnl.gov/amdc/web/masseval.html
# Description: Each line contains the element symbol, atomic number, and sets of three numbers (isotope number, exact mass, error in mass)
# Note that significant figures are reported here as from the sources
# If evaluating in a floating-point implementation, these may not be properly
# represented
Xx 0  0 0.00000 0 1 1.008664916 0.0006E-6
H 1  1 1.007825032 0.0001E-6 2 2.014101778 0.0004E-6 3 3.016049278 0.0025E-6 4 4.02781 110E-6 5 5.03531 110E-6 6 6.04494 280E-6 7 7.05275 1080E-6
He 2  3 3.016029319 0.0026E-6 4 4.002603254 0.00006E-6 5 5.01222 50E-6 6 6.0188891 0.8E-6 7 7.028021 18E-6 8 8.033922 7E-6 9 9.04395 30E-6 10 10.0524 80E-6
Li 3  3 3.03078 2150E-6 4 4.02719 230E-6 5 5.01254 50E-6 6 6.015122795 0.016E-6 7 7.01600455 0.08E-6 8 8.02248736 0.1E-6 9 9.0267895 2.1E-6 10 10.035481 16E-6 11 11.043798 21E-6 12 12.05378 1070E-6
Be 4  5 5.04079 4290E-6 6 6.019726 6E-6 7 7.01692983 0.11E-6 8 8.0053051 0.04E-6 9 9.0121822 0.4E-6 10 10.0135338 0.4E-6 11 11.021658 7E-6 12 12.026921 16E-6 13 13.03569 80E-6 14 14.04289 140E-6 15 15.05346 540E-6 16 16.06192 540E-6
B 5  6 6.04681 750E-6 7 7.02992 80E-6 8 8.0246072 1.1E-6 9 9.0133288 1.1E-6 10 10.012937 0.4E-6 11 11.0093054 0.4E-6 12 12.0143521 1.5E-6 13 13.0177802 1.2E-6 14 14.025404 23E-6 15 15.031103 24E-6 16 16.03981 60E-6 17 17.04699 180E-6 18 18.05617 860E-6 19 19.06373 430E-6
C 6  8 8.037675 25E-6 9 9.0310367 2.3E-6 10 10.0168532 0.4E-6 11 11.0114336 1E-6 12 12 0E-6 13 13.00335484 0.001E-6 14 14.00324199 0.004E-6 15 15.0105993 0.9E-6 16 16.014701 4E-6 17 17.022586 19E-6 18 18.02676 30E-6 19 19.03481 110E-6 20 20.04032 260E-6 21 21.04934 540E-6 22 22.0572 970E-6
N 7  10 10.04165 430E-6 11 11.02609 50E-6 12 12.0186132 1.1E-6 13 13.00573861 0.29E-6 14 14.003074 0.0006E-6 15 15.0001089 0.0007E-6 16 16.0061017 2.8E-6 17 17.00845 16E-6 18 18.014079 20E-6 19 19.017029 18E-6 20 20.02337 60E-6 21 21.02711 100E-6 22 22.03439 210E-6 23 23.04122 320E-6 24 24.05104 430E-6 25 25.06066 540E-6
O 8  12 12.034405 20E-6 13 13.024812 10E-6 14 14.00859625 0.12E-6 15 15.0030656 0.5E-6 16 15.99491462 0.00016E-6 17 16.9991317 0.12E-6 18 17.999161 0.7E-6 19 19.00358 3E-6 20 20.0040767 1.2E-6 21 21.008656 13E-6 22 22.00997 60E-6 23 23.01569 130E-6 24 24.02047 250E-6 25 25.02946 280E-6 26 26.03834 280E-6 27 27.04826 540E-6 28 28.05781 640E-6
F 9  14 14.03506 430E-6 15 15.01801 140E-6 16 16.011466 9E-6 17 17.00209524 0.27E-6 18 18.000938 0.6E-6 19 18.99840322 0.07E-6 20 19.99998132 0.08E-6 21 20.999949 1.9E-6 22 22.002999 13E-6 23 23.00357 90E-6 24 24.00812 80E-6 25 25.0121 110E-6 26 26.01962 180E-6 27 27.02676 400E-6 28 28.03567 550E-6 29 29.04326 620E-6 30 30.0525 640E-6 31 31.06043 640E-6
Ne 10  16 16.025761 22E-6 17 17.017672 29E-6 18 18.0057082 0.3E-6 19 19.0018802 0.3E-6 20 19.99244018 0.0019E-6 21 20.99384668 0.04E-6 22 21.99138511 0.019E-6 23 22.9944669 0.11E-6 24 23.9936108 0.4E-6 25 24.997737 28E-6 26 26.000461 29E-6 27 27.00759 120E-6 28 28.01207 160E-6 29 29.01939 290E-6 30 30.0248 610E-6 31 31.03311 970E-6 32 32.04002 860E-6 33 33.04938 860E-6 34 34.05703 870E-6
Na 11  18 18.02597 50E-6 19 19.013877 13E-6 20 20.007351 7E-6 21 20.9976552 0.8E-6 22 21.9944364 0.4E-6 23 22.98976928 0.0029E-6 24 23.99096278 0.08E-6 25 24.989954 1.3E-6 26 25.992633 6E-6 27 26.994077 4E-6 28 27.998938 14E-6 29 29.002861 14E-6 30 30.008976 27E-6 31 31.01359 230E-6 32 32.02047 380E-6 33 33.02672 940E-6 34 34.03517 960E-6 35 35.04249 1020E-6 36 36.05148 1020E-6 37 37.05934 1030E-6
Mg 12  19 19.03547 270E-6 20 20.018863 29E-6 21 21.011713 18E-6 22 21.9995738 1.4E-6 23 22.9941237 1.4E-6 24 23.9850417 0.014E-6 25 24.98583692 0.03E-6 26 25.98259293 0.03E-6 27 26.98434059 0.05E-6 28 27.9838768 2.2E-6 29 28.9886 15E-6 30 29.990434 9E-6 31 30.996546 13E-6 32 31.998975 19E-6 33 33.005254 21E-6 34 34.00946 250E-6 35 35.01734 430E-6 36 36.023 540E-6 37 37.0314 970E-6 38 38.03757 540E-6 39 39.04677 550E-6 40 40.05393 970E-6
Al 13  21 21.02804 320E-6 22 22.01952 100E-6 23 23.007267 20E-6 24 23.9999389 3E-6 25 24.9904281 0.5E-6 26 25.98689169 0.06E-6 27 26.98153863 0.12E-6 28 27.98191031 0.14E-6 29 28.980445 1.3E-6 30 29.98296 15E-6 31 30.983947 22E-6 32 31.98812 90E-6 33 32.99084 80E-6 34 33.99685 120E-6 35 34.99986 190E-6 36 36.00621 230E-6 37 37.01068 360E-6 38 38.01723 780E-6 39 39.02297 1580E-6 40 40.03145 750E-6 41 41.03833 860E-6 42 42.04689 970E-6
Si 14  22 22.03453 220E-6 23 23.02552 210E-6 24 24.011546 21E-6 25 25.004106 11E-6 26 25.99233 3E-6 27 26.98670491 0.16E-6 28 27.97692653 0.0019E-6 29 28.9764947 0.022E-6 30 29.97377017 0.03E-6 31 30.97536323 0.04E-6 32 31.97414808 0.05E-6 33 32.978 17E-6 34 33.978576 15E-6 35 34.98458 40E-6 36 35.9866 130E-6 37 36.99294 180E-6 38 37.99563 150E-6 39 39.00207 360E-6 40 40.00587 600E-6 41 41.01456 1980E-6 42 42.01979 540E-6 43 43.02866 750E-6 44 44.03526 860E-6
P 15  24 24.03435 540E-6 25 25.02026 210E-6 26 26.01178 210E-6 27 26.99923 28E-6 28 27.992315 4E-6 29 28.9818006 0.6E-6 30 29.9783138 0.3E-6 31 30.97376163 0.2E-6 32 31.97390727 0.2E-6 33 32.9717255 1.2E-6 34 33.973636 5E-6 35 34.9733141 2E-6 36 35.97826 14E-6 37 36.97961 40E-6 38 37.98416 110E-6 39 38.98618 110E-6 40 39.9913 150E-6 41 40.99434 230E-6 42 42.00101 480E-6 43 43.00619 1040E-6 44 44.01299 750E-6 45 45.01922 860E-6 46 46.02738 970E-6
S 16  26 26.02788 320E-6 27 27.01883 220E-6 28 28.00437 170E-6 29 28.99661 50E-6 30 29.984903 3E-6 31 30.9795547 1.6E-6 32 31.972071 0.15E-6 33 32.97145876 0.15E-6 34 33.9678669 0.12E-6 35 34.96903216 0.11E-6 36 35.96708076 0.2E-6 37 36.97112557 0.21E-6 38 37.971163 8E-6 39 38.97513 50E-6 40 39.97545 150E-6 41 40.97958 130E-6 42 41.98102 130E-6 43 42.98715 220E-6 44 43.99021 420E-6 45 44.99651 1870E-6 46 46.00075 750E-6 47 47.00859 860E-6 48 48.01417 970E-6 49 49.02362 1020E-6
Cl 17  28 28.02851 540E-6 29 29.01411 210E-6 30 30.00477 210E-6 31 30.99241 50E-6 32 31.98569 7E-6 33 32.9774519 0.5E-6 34 33.97376282 0.19E-6 35 34.96885268 0.04E-6 36 35.96830698 0.08E-6 37 36.96590259 0.05E-6 38 37.96801043 0.1E-6 39 38.9680082 1.9E-6 40 39.97042 30E-6 41 40.97068 70E-6 42 41.97325 150E-6 43 42.97405 170E-6 44 43.97828 120E-6 45 44.98029 130E-6 46 45.98421 770E-6 47 46.98871 640E-6 48 47.99495 750E-6 49 49.00032 860E-6 50 50.00784 970E-6 51 51.01449 1070E-6
Ar 18  30 30.02156 320E-6 31 31.01212 220E-6 32 31.997638 1.9E-6 33 32.9899257 0.5E-6 34 33.9802712 0.4E-6 35 34.9752576 0.8E-6 36 35.96754511 0.029E-6 37 36.96677632 0.22E-6 38 37.9627324 0.4E-6 39 38.964313 5E-6 40 39.96238312 0.0029E-6 41 40.9645006 0.4E-6 42 41.963046 6E-6 43 42.965636 6E-6 44 43.964924 1.7E-6 45 44.96804 0.6E-6 46 45.96809 40E-6 47 46.97219 110E-6 48 47.97454 320E-6 49 48.98052 540E-6 50 49.98443 750E-6 51 50.99163 750E-6 52 51.99678 970E-6 53 53.00494 1070E-6
K 19  32 32.02192 540E-6 33 33.00726 210E-6 34 33.99841 320E-6 35 34.98801 21E-6 36 35.981292 8E-6 37 36.97337589 0.1E-6 38 37.9690812 0.5E-6 39 38.96370668 0.2E-6 40 39.96399848 0.21E-6 41 40.96182576 0.21E-6 42 41.96240281 0.24E-6 43 42.960716 10E-6 44 43.96156 40E-6 45 44.960699 11E-6 46 45.961977 17E-6 47 46.961678 9E-6 48 47.965514 26E-6 49 48.96745 80E-6 50 49.97278 300E-6 51 50.97638 540E-6 52 51.98261 750E-6 53 52.98712 750E-6 54 53.9942 970E-6 55 54.99971 1070E-6
Ca 20  34 34.01412 320E-6 35 35.00494 210E-6 36 35.99309 40E-6 37 36.98587 24E-6 38 37.976318 5E-6 39 38.9707197 2E-6 40 39.96259098 0.22E-6 41 40.96227806 0.26E-6 42 41.95861801 0.27E-6 43 42.9587666 0.3E-6 44 43.9554818 0.4E-6 45 44.9561866 0.4E-6 46 45.9536926 2.4E-6 47 46.954546 2.4E-6 48 47.952534 4E-6 49 48.955674 4E-6 50 49.957519 10E-6 51 50.9615 100E-6 52 51.9651 750E-6 53 52.97005 540E-6 54 53.97435 750E-6 55 54.98055 750E-6 56 55.98557 970E-6 57 56.99236 1070E-6
Sc 21  36 36.01492 540E-6 37 37.00305 320E-6 38 37.9947 320E-6 39 38.98479 26E-6 40 39.977967 3E-6 41 40.96925113 0.24E-6 42 41.96551643 0.29E-6 43 42.9611507 2E-6 44 43.9594028 1.9E-6 45 44.9559119 0.9E-6 46 45.9551719 0.9E-6 47 46.9524075 2.2E-6 48 47.952231 6E-6 49 48.950024 4E-6 50 49.952188 17E-6 51 50.953603 22E-6 52 51.95668 210E-6 53 52.95961 320E-6 54 53.96326 400E-6 55 54.96824 790E-6 56 55.97287 750E-6 57 56.97779 750E-6 58 57.98371 860E-6 59 58.98922 970E-6 60 59.99571 970E-6
Ti 22  38 38.00977 270E-6 39 39.00161 220E-6 40 39.9905 170E-6 41 40.98315 110E-6 42 41.973031 6E-6 43 42.968522 7E-6 44 43.9596901 0.8E-6 45 44.9581256 1.1E-6 46 45.9526316 0.9E-6 47 46.9517631 0.9E-6 48 47.9479463 0.9E-6 49 48.94787 0.9E-6 50 49.9447912 0.9E-6 51 50.946615 1E-6 52 51.946897 8E-6 53 52.94973 110E-6 54 53.95105 130E-6 55 54.95527 160E-6 56 55.9582 210E-6 57 56.96399 490E-6 58 57.96697 750E-6 59 58.97293 750E-6 60 59.97676 860E-6 61 60.9832 970E-6 62 61.98749 970E-6 63 62.99442 1070E-6
V 23  40 40.01109 540E-6 41 40.99978 220E-6 42 41.99123 210E-6 43 42.98065 250E-6 44 43.97411 130E-6 45 44.965776 18E-6 46 45.9602005 1.1E-6 47 46.9549089 0.9E-6 48 47.9522537 2.7E-6 49 48.9485161 1.2E-6 50 49.9471585 1.1E-6 51 50.9439595 1.1E-6 52 51.9447755 1.1E-6 53 52.944338 3E-6 54 53.94644 16E-6 55 54.94723 110E-6 56 55.95053 220E-6 57 56.95256 250E-6 58 57.95683 270E-6 59 58.96021 330E-6 60 59.96503 510E-6 61 60.96848 430E-6 62 61.97378 540E-6 63 62.97755 640E-6 64 63.98347 750E-6 65 64.98792 860E-6
Cr 24  42 42.00643 320E-6 43 42.99771 240E-6 44 43.98555 50E-6 45 44.97964 540E-6 46 45.968359 21E-6 47 46.9629 15E-6 48 47.954032 8E-6 49 48.9513357 2.6E-6 50 49.9460442 1.1E-6 51 50.9447674 1.1E-6 52 51.9405075 0.8E-6 53 52.9406494 0.8E-6 54 53.9388804 0.8E-6 55 54.9408397 0.8E-6 56 55.9406531 2E-6 57 56.943613 2E-6 58 57.94435 220E-6 59 58.94859 260E-6 60 59.95008 230E-6 61 60.95472 270E-6 62 61.95661 360E-6 63 62.96186 320E-6 64 63.96441 430E-6 65 64.97016 540E-6 66 65.97338 640E-6 67 66.97955 750E-6
Mn 25  44 44.00687 540E-6 45 44.99451 320E-6 46 45.98672 120E-6 47 46.9761 170E-6 48 47.96852 120E-6 49 48.959618 26E-6 50 49.9542382 1.1E-6 51 50.9482108 1.1E-6 52 51.9455655 2.1E-6 53 52.9412901 0.9E-6 54 53.9403589 1.4E-6 55 54.9380451 0.7E-6 56 55.9389049 0.7E-6 57 56.9382854 2E-6 58 57.93998 30E-6 59 58.94044 30E-6 60 59.94291 90E-6 61 60.94465 240E-6 62 61.94843 240E-6 63 62.95024 280E-6 64 63.95425 290E-6 65 64.95634 580E-6 66 65.96108 430E-6 67 66.96414 540E-6 68 67.9693 640E-6 69 68.97284 860E-6
Fe 26  45 45.01458 240E-6 46 46.00081 380E-6 47 46.99289 280E-6 48 47.9805 80E-6 49 48.97361 160E-6 50 49.96299 60E-6 51 50.95682 16E-6 52 51.948114 7E-6 53 52.9453079 1.9E-6 54 53.9396105 0.7E-6 55 54.9382934 0.7E-6 56 55.9349375 0.7E-6 57 56.935394 0.7E-6 58 57.9332756 0.8E-6 59 58.9348755 0.8E-6 60 59.934072 4E-6 61 60.936745 21E-6 62 61.936767 16E-6 63 62.94037 180E-6 64 63.9412 300E-6 65 64.94538 260E-6 66 65.94678 320E-6 67 66.95095 450E-6 68 67.9537 750E-6 69 68.95878 540E-6 70 69.96146 640E-6 71 70.96672 860E-6 72 71.96962 860E-6
Co 27  47 47.01149 540E-6 48 48.00176 430E-6 49 48.98972 280E-6 50 49.98154 180E-6 51 50.97072 160E-6 52 51.96359 70E-6 53 52.954219 19E-6 54 53.9484596 0.8E-6 55 54.941999 0.8E-6 56 55.9398393 2.3E-6 57 56.9362914 0.8E-6 58 57.9357528 1.3E-6 59 58.933195 0.7E-6 60 59.9338171 0.7E-6 61 60.9324758 1E-6 62 61.934051 21E-6 63 62.933612 21E-6 64 63.93581 21E-6 65 64.936478 14E-6 66 65.93976 270E-6 67 66.94089 340E-6 68 67.94487 340E-6 69 68.94632 360E-6 70 69.951 900E-6 71 70.9529 900E-6 72 71.95781 640E-6 73 72.96024 750E-6 74 73.96538 860E-6 75 74.96833 860E-6
Ni 28  48 48.01975 540E-6 49 49.00966 430E-6 50 49.99593 280E-6 51 50.98772 280E-6 52 51.97568 90E-6 53 52.96847 170E-6 54 53.95791 50E-6 55 54.95133 12E-6 56 55.942132 12E-6 57 56.9397935 1.9E-6 58 57.9353429 0.7E-6 59 58.9343467 0.7E-6 60 59.9307864 0.7E-6 61 60.931056 0.7E-6 62 61.9283451 0.6E-6 63 62.9296694 0.6E-6 64 63.927966 0.7E-6 65 64.9300843 0.7E-6 66 65.9291393 1.5E-6 67 66.931569 3E-6 68 67.931869 3E-6 69 68.93561 4E-6 70 69.9365 370E-6 71 70.94074 400E-6 72 71.94209 470E-6 73 72.94647 320E-6 74 73.94807 430E-6 75 74.95287 430E-6 76 75.95533 970E-6 77 76.96055 540E-6 78 77.96318 1180E-6
Cu 29  52 51.99718 280E-6 53 52.98555 280E-6 54 53.97671 230E-6 55 54.96605 320E-6 56 55.95856 150E-6 57 56.949211 17E-6 58 57.9445385 1.7E-6 59 58.939498 0.8E-6 60 59.937365 1.8E-6 61 60.9334578 1.1E-6 62 61.932584 4E-6 63 62.9295975 0.6E-6 64 63.9297642 0.6E-6 65 64.9277895 0.7E-6 66 65.9288688 0.7E-6 67 66.9277303 1.3E-6 68 67.9296109 1.7E-6 69 68.9294293 1.5E-6 70 69.9323923 1.7E-6 71 70.9326768 1.6E-6 72 71.9358203 1.5E-6 73 72.936675 4E-6 74 73.939875 7E-6 75 74.9419 1050E-6 76 75.945275 7E-6 77 76.94785 430E-6 78 77.95196 430E-6 79 78.95456 540E-6 80 79.96087 640E-6
Zn 30  54 53.99295 430E-6 55 54.98398 270E-6 56 55.97238 280E-6 57 56.96479 110E-6 58 57.95459 50E-6 59 58.94926 40E-6 60 59.941827 11E-6 61 60.939511 17E-6 62 61.93433 11E-6 63 62.9332116 1.7E-6 64 63.9291422 0.7E-6 65 64.929241 0.7E-6 66 65.9260334 1E-6 67 66.9271273 1E-6 68 67.9248442 1E-6 69 68.9265503 1E-6 70 69.9253193 2.1E-6 71 70.927722 11E-6 72 71.926858 7E-6 73 72.92978 40E-6 74 73.92946 50E-6 75 74.93294 80E-6 76 75.93329 90E-6 77 76.93696 130E-6 78 77.93844 100E-6 79 78.94265 280E-6 80 79.94434 180E-6 81 80.95048 320E-6 82 81.95442 540E-6 83 82.96103 540E-6
Ga 31  56 55.99491 280E-6 57 56.98293 280E-6 58 57.97425 230E-6 59 58.96337 180E-6 60 59.95706 120E-6 61 60.94945 60E-6 62 61.944175 30E-6 63 62.9392942 1.4E-6 64 63.9368387 2.2E-6 65 64.9327348 0.9E-6 66 65.931589 3E-6 67 66.9282017 1.4E-6 68 67.9279801 1.6E-6 69 68.9255736 1.3E-6 70 69.926022 1.3E-6 71 70.9247013 1.1E-6 72 71.9263663 1.1E-6 73 72.9251747 1.8E-6 74 73.926946 4E-6 75 74.9265002 2.6E-6 76 75.9288276 2.1E-6 77 76.9291543 2.6E-6 78 77.9316082 2.6E-6 79 78.93289 110E-6 80 79.93652 130E-6 81 80.93775 210E-6 82 81.94299 320E-6 83 82.94698 320E-6 84 83.95265 430E-6 85 84.957 540E-6 86 85.96312 860E-6
Ge 32  58 57.99101 340E-6 59 58.98175 300E-6 60 59.97019 250E-6 61 60.96379 320E-6 62 61.95465 150E-6 63 62.94964 210E-6 64 63.94165 30E-6 65 64.93944 110E-6 66 65.93384 30E-6 67 66.932734 5E-6 68 67.928094 7E-6 69 68.9279645 1.4E-6 70 69.9242474 1.1E-6 71 70.924951 1.1E-6 72 71.9220758 1.8E-6 73 72.9234589 1.8E-6 74 73.9211778 1.8E-6 75 74.9228589 1.8E-6 76 75.9214026 1.8E-6 77 76.9235486 1.8E-6 78 77.922853 4E-6 79 78.9254 100E-6 80 79.92537 30E-6 81 80.92882 130E-6 82 81.92955 260E-6 83 82.93462 210E-6 84 83.93747 320E-6 85 84.94303 430E-6 86 85.94649 540E-6 87 86.95251 540E-6 88 87.95691 750E-6 89 88.96383 970E-6
As 33  60 59.99313 640E-6 61 60.98062 640E-6 62 61.9732 320E-6 63 62.96369 540E-6 64 63.95757 380E-6 65 64.94956 320E-6 66 65.94471 730E-6 67 66.93919 110E-6 68 67.93677 50E-6 69 68.93227 30E-6 70 69.93092 50E-6 71 70.927112 5E-6 72 71.926752 5E-6 73 72.923825 4E-6 74 73.9239287 2.5E-6 75 74.9215965 2E-6 76 75.922394 2E-6 77 76.9206473 2.5E-6 78 77.921827 11E-6 79 78.920948 6E-6 80 79.922534 25E-6 81 80.922132 6E-6 82 81.9245 210E-6 83 82.92498 240E-6 84 83.92906 320E-6 85 84.93202 210E-6 86 85.9365 320E-6 87 86.9399 320E-6 88 87.94494 540E-6 89 88.94939 540E-6 90 89.9555 860E-6 91 90.96043 970E-6 92 91.9668 970E-6
Se 34  65 64.96466 640E-6 66 65.95521 320E-6 67 66.95009 210E-6 68 67.9418 40E-6 69 68.93956 40E-6 70 69.93339 70E-6 71 70.93224 30E-6 72 71.927112 13E-6 73 72.926765 11E-6 74 73.9224764 1.8E-6 75 74.9225234 1.8E-6 76 75.9192136 1.8E-6 77 76.919914 1.8E-6 78 77.9173091 1.8E-6 79 78.9184991 1.8E-6 80 79.9165213 2.1E-6 81 80.9179925 2.2E-6 82 81.9166994 2.2E-6 83 82.919118 4E-6 84 83.918462 16E-6 85 84.92225 30E-6 86 85.924272 17E-6 87 86.92852 40E-6 88 87.93142 50E-6 89 88.93645 320E-6 90 89.93996 430E-6 91 90.94596 540E-6 92 91.94992 640E-6 93 92.95629 860E-6 94 93.96049 860E-6
Br 35  67 66.96479 540E-6 68 67.95852 380E-6 69 68.95011 110E-6 70 69.94479 330E-6 71 70.93874 610E-6 72 71.93664 60E-6 73 72.93169 50E-6 74 73.929891 16E-6 75 74.925776 15E-6 76 75.924541 10E-6 77 76.921379 3E-6 78 77.921146 4E-6 79 78.9183371 2.2E-6 80 79.9185293 2.2E-6 81 80.9162906 2.1E-6 82 81.9168041 2.1E-6 83 82.91518 5E-6 84 83.916479 16E-6 85 84.915608 21E-6 86 85.918798 12E-6 87 86.920711 19E-6 88 87.92407 40E-6 89 88.92639 60E-6 90 89.93063 80E-6 91 90.93397 80E-6 92 91.93926 50E-6 93 92.94305 320E-6 94 93.94868 430E-6 95 94.95287 540E-6 96 95.95853 750E-6 97 96.9628 860E-6
Kr 36  69 68.96518 430E-6 70 69.95526 410E-6 71 70.94963 700E-6 72 71.942092 9E-6 73 72.939289 7E-6 74 73.9330844 2.2E-6 75 74.930946 9E-6 76 75.92591 4E-6 77 76.92467 2.1E-6 78 77.9203648 1.2E-6 79 78.920082 4E-6 80 79.916379 1.6E-6 81 80.916592 2.1E-6 82 81.9134836 1.9E-6 83 82.914136 3E-6 84 83.911507 3E-6 85 84.9125273 2.1E-6 86 85.91061073 0.11E-6 87 86.91335486 0.29E-6 88 87.914447 14E-6 89 88.91763 60E-6 90 89.919517 20E-6 91 90.92345 60E-6 92 91.926156 13E-6 93 92.93127 110E-6 94 93.93436 320E-6 95 94.93984 430E-6 96 95.94307 540E-6 97 96.94856 540E-6 98 97.95191 640E-6 99 98.9576 640E-6 100 99.96114 540E-6
Rb 37  71 70.96532 540E-6 72 71.95908 540E-6 73 72.95056 160E-6 74 73.944265 4E-6 75 74.93857 8E-6 76 75.9350722 2E-6 77 76.930408 8E-6 78 77.928141 8E-6 79 78.923989 6E-6 80 79.922519 7E-6 81 80.918996 6E-6 82 81.9182086 3E-6 83 82.91511 6E-6 84 83.914385 3E-6 85 84.91178974 0.012E-6 86 85.91116742 0.21E-6 87 86.90918053 0.013E-6 88 87.91131559 0.17E-6 89 88.912278 6E-6 90 89.914802 7E-6 91 90.916537 9E-6 92 91.919729 7E-6 93 92.922042 8E-6 94 93.926405 9E-6 95 94.929303 23E-6 96 95.93427 30E-6 97 96.93735 30E-6 98 97.94179 50E-6 99 98.94538 130E-6 100 99.94987 320E-6 101 100.9532 180E-6 102 101.95887 540E-6
Sr 38  73 72.96597 640E-6 74 73.95631 540E-6 75 74.94995 240E-6 76 75.94177 40E-6 77 76.937945 10E-6 78 77.93218 8E-6 79 78.929708 9E-6 80 79.924521 7E-6 81 80.923212 7E-6 82 81.918402 6E-6 83 82.917557 11E-6 84 83.913425 3E-6 85 84.912933 3E-6 86 85.9092602 1.2E-6 87 86.9088771 1.2E-6 88 87.9056121 1.2E-6 89 88.9074507 1.2E-6 90 89.907738 3E-6 91 90.910203 5E-6 92 91.911038 4E-6 93 92.914026 8E-6 94 93.915361 8E-6 95 94.919359 8E-6 96 95.921697 29E-6 97 96.926153 21E-6 98 97.928453 28E-6 99 98.93324 90E-6 100 99.93535 140E-6 101 100.94052 130E-6 102 101.94302 120E-6 103 102.94895 540E-6 104 103.95233 750E-6 105 104.95858 750E-6
Y 39  76 75.95845 540E-6 77 76.94965 70E-6 78 77.94361 430E-6 79 78.93735 480E-6 80 79.93428 190E-6 81 80.92913 70E-6 82 81.92679 110E-6 83 82.92235 50E-6 84 83.92039 100E-6 85 84.916433 20E-6 86 85.914886 15E-6 87 86.9108757 1.7E-6 88 87.9095011 2E-6 89 88.9058483 2.7E-6 90 89.9071519 2.7E-6 91 90.907305 3E-6 92 91.908949 10E-6 93 92.909583 11E-6 94 93.911595 8E-6 95 94.912821 8E-6 96 95.915891 25E-6 97 96.918134 13E-6 98 97.922203 26E-6 99 98.924636 26E-6 100 99.92776 80E-6 101 100.93031 100E-6 102 101.93356 90E-6 103 102.93673 320E-6 104 103.94105 430E-6 105 104.94487 540E-6 106 105.94979 750E-6 107 106.95414 540E-6 108 107.95948 860E-6
Zr 40  78 77.95523 540E-6 79 78.94916 430E-6 80 79.9404 1600E-6 81 80.93721 180E-6 82 81.93109 240E-6 83 82.92865 100E-6 84 83.92325 210E-6 85 84.92147 110E-6 86 85.91647 30E-6 87 86.914816 9E-6 88 87.910227 11E-6 89 88.90889 4E-6 90 89.9047044 2.5E-6 91 90.9056458 2.5E-6 92 91.9050408 2.5E-6 93 92.906476 2.5E-6 94 93.9063152 2.6E-6 95 94.9080426 2.6E-6 96 95.9082734 3E-6 97 96.9109531 3E-6 98 97.912735 21E-6 99 98.916512 22E-6 100 99.91776 40E-6 101 100.92114 30E-6 102 101.92298 50E-6 103 102.9266 120E-6 104 103.92878 430E-6 105 104.93305 430E-6 106 105.93591 540E-6 107 106.94075 320E-6 108 107.94396 640E-6 109 108.94924 540E-6 110 109.95287 860E-6
Nb 41  81 80.94903 1610E-6 82 81.94313 320E-6 83 82.93671 340E-6 84 83.93357 320E-6 85 84.92791 240E-6 86 85.92504 90E-6 87 86.92036 70E-6 88 87.91833 110E-6 89 88.913418 29E-6 90 89.911265 5E-6 91 90.906996 4E-6 92 91.907194 3E-6 93 92.9063781 2.6E-6 94 93.9072839 2.6E-6 95 94.9068358 2.1E-6 96 95.908101 4E-6 97 96.9080986 2.7E-6 98 97.910328 6E-6 99 98.911618 14E-6 100 99.914182 28E-6 101 100.915252 20E-6 102 101.91804 40E-6 103 102.91914 70E-6 104 103.92246 110E-6 105 104.92394 110E-6 106 105.92797 210E-6 107 106.93031 430E-6 108 107.93484 320E-6 109 108.93763 540E-6 110 109.94244 540E-6 111 110.94565 540E-6 112 111.95083 750E-6 113 112.9547 860E-6
Mo 42  83 82.94874 540E-6 84 83.94009 430E-6 85 84.93655 300E-6 86 85.9307 470E-6 87 86.92733 240E-6 88 87.921953 22E-6 89 88.91948 17E-6 90 89.913937 7E-6 91 90.91175 12E-6 92 91.906811 4E-6 93 92.906813 4E-6 94 93.9050883 2.1E-6 95 94.9058421 2.1E-6 96 95.9046795 2.1E-6 97 96.9060215 2.1E-6 98 97.9054082 2.1E-6 99 98.9077119 2.1E-6 100 99.907477 6E-6 101 100.910347 6E-6 102 101.910297 22E-6 103 102.91321 70E-6 104 103.91376 60E-6 105 104.91697 80E-6 106 105.918137 19E-6 107 106.92169 170E-6 108 107.92345 210E-6 109 108.92781 320E-6 110 109.92973 430E-6 111 110.93441 430E-6 112 111.93684 640E-6 113 112.94188 640E-6 114 113.94492 750E-6 115 114.95029 860E-6
Tc 43  85 84.94883 430E-6 86 85.94288 320E-6 87 86.93653 320E-6 88 87.93268 220E-6 89 88.92717 220E-6 90 89.92356 260E-6 91 90.91843 220E-6 92 91.91526 28E-6 93 92.910249 4E-6 94 93.909657 5E-6 95 94.907657 6E-6 96 95.907871 6E-6 97 96.906365 5E-6 98 97.907216 4E-6 99 98.9062547 2.1E-6 100 99.9076578 2.4E-6 101 100.907315 26E-6 102 101.909215 10E-6 103 102.909181 11E-6 104 103.91145 50E-6 105 104.91166 60E-6 106 105.914358 14E-6 107 106.91508 160E-6 108 107.91846 140E-6 109 108.91998 100E-6 110 109.92382 80E-6 111 110.92569 120E-6 112 111.92915 130E-6 113 112.93159 320E-6 114 113.93588 640E-6 115 114.93869 750E-6 116 115.94337 750E-6 117 116.94648 750E-6 118 117.95148 970E-6
Ru 44  87 86.94918 640E-6 88 87.94026 430E-6 89 88.93611 540E-6 90 89.92989 320E-6 91 90.92629 630E-6 92 91.92012 320E-6 93 92.91705 90E-6 94 93.91136 14E-6 95 94.910413 13E-6 96 95.907598 8E-6 97 96.907555 9E-6 98 97.905287 7E-6 99 98.9059393 2.2E-6 100 99.9042195 2.2E-6 101 100.9055821 2.2E-6 102 101.9043493 2.2E-6 103 102.9063238 2.2E-6 104 103.905433 3E-6 105 104.907753 3E-6 106 105.907329 8E-6 107 106.90991 130E-6 108 107.91017 120E-6 109 108.9132 70E-6 110 109.91414 60E-6 111 110.9177 80E-6 112 111.91897 80E-6 113 112.92249 80E-6 114 113.92428 250E-6 115 114.92869 140E-6 116 115.93081 750E-6 117 116.93558 750E-6 118 117.93782 860E-6 119 118.94284 750E-6 120 119.94531 860E-6
Rh 45  89 88.94884 480E-6 90 89.94287 540E-6 91 90.93655 430E-6 92 91.93198 430E-6 93 92.92574 430E-6 94 93.9217 480E-6 95 94.9159 160E-6 96 95.914461 14E-6 97 96.91134 40E-6 98 97.910708 13E-6 99 98.908132 8E-6 100 99.908122 20E-6 101 100.906164 18E-6 102 101.906843 5E-6 103 102.905504 3E-6 104 103.906656 3E-6 105 104.905694 4E-6 106 105.907287 8E-6 107 106.906748 13E-6 108 107.90873 110E-6 109 108.908737 13E-6 110 109.91114 50E-6 111 110.91159 30E-6 112 111.91439 60E-6 113 112.91553 50E-6 114 113.91881 120E-6 115 114.92033 90E-6 116 115.92406 150E-6 117 116.92598 540E-6 118 117.93007 540E-6 119 118.93211 640E-6 120 119.93641 640E-6 121 120.93872 970E-6 122 121.94321 750E-6
Pd 46  91 90.94911 610E-6 92 91.94042 540E-6 93 92.93591 430E-6 94 93.92877 430E-6 95 94.92469 430E-6 96 95.91816 160E-6 97 96.91648 320E-6 98 97.912721 23E-6 99 98.911768 16E-6 100 99.908506 12E-6 101 100.908289 19E-6 102 101.905609 3E-6 103 102.906087 3E-6 104 103.904036 4E-6 105 104.905085 4E-6 106 105.903486 4E-6 107 106.905133 4E-6 108 107.903892 4E-6 109 108.90595 4E-6 110 109.905153 12E-6 111 110.907671 12E-6 112 111.907314 19E-6 113 112.91015 40E-6 114 113.910363 25E-6 115 114.91368 70E-6 116 115.91416 60E-6 117 116.91784 60E-6 118 117.91898 230E-6 119 118.92311 320E-6 120 119.92469 130E-6 121 120.92887 540E-6 122 121.93055 430E-6 123 122.93493 640E-6 124 123.93688 540E-6
Ag 47  93 92.94978 640E-6 94 93.94278 540E-6 95 94.93548 430E-6 96 95.93068 430E-6 97 96.92397 350E-6 98 97.92157 70E-6 99 98.9176 160E-6 100 99.9161 80E-6 101 100.9128 110E-6 102 101.91169 30E-6 103 102.908973 18E-6 104 103.908629 6E-6 105 104.906529 12E-6 106 105.906669 5E-6 107 106.905097 5E-6 108 107.905956 5E-6 109 108.904752 3E-6 110 109.906107 3E-6 111 110.905291 3E-6 112 111.907005 18E-6 113 112.906567 18E-6 114 113.908804 27E-6 115 114.90876 40E-6 116 115.91136 50E-6 117 116.91168 50E-6 118 117.91458 70E-6 119 118.91567 100E-6 120 119.91879 80E-6 121 120.91985 160E-6 122 121.92353 220E-6 123 122.9249 220E-6 124 123.92864 210E-6 125 124.93043 320E-6 126 125.9345 320E-6 127 126.93677 320E-6 128 127.94117 320E-6 129 128.94369 430E-6 130 129.95045 360E-6
Cd 48  95 94.94987 640E-6 96 95.93977 540E-6 97 96.93494 430E-6 98 97.9274 80E-6 99 98.92501 220E-6 100 99.92029 100E-6 101 100.91868 160E-6 102 101.91446 30E-6 103 102.913419 17E-6 104 103.909849 10E-6 105 104.909468 12E-6 106 105.906459 6E-6 107 106.906618 6E-6 108 107.904184 6E-6 109 108.904982 4E-6 110 109.9030021 2.9E-6 111 110.9041781 2.9E-6 112 111.9027578 2.9E-6 113 112.9044017 2.9E-6 114 113.9033585 2.9E-6 115 114.905431 2.9E-6 116 115.904756 3E-6 117 116.907219 4E-6 118 117.906915 22E-6 119 118.90992 90E-6 120 119.90985 20E-6 121 120.91298 90E-6 122 121.91333 50E-6 123 122.917 40E-6 124 123.91765 70E-6 125 124.92125 70E-6 126 125.92235 60E-6 127 126.92644 80E-6 128 127.92776 320E-6 129 128.93215 320E-6 130 129.9339 300E-6 131 130.94067 320E-6 132 131.94555 540E-6
In 49  97 96.94954 640E-6 98 97.94214 210E-6 99 98.93422 430E-6 100 99.93111 270E-6 101 100.92634 320E-6 102 101.92409 120E-6 103 102.919914 27E-6 104 103.9183 90E-6 105 104.914674 19E-6 106 105.913465 13E-6 107 106.910295 12E-6 108 107.909698 10E-6 109 108.907151 6E-6 110 109.907165 13E-6 111 110.905103 5E-6 112 111.905532 6E-6 113 112.904058 3E-6 114 113.904914 3E-6 115 114.903878 5E-6 116 115.90526 5E-6 117 116.904514 6E-6 118 117.906354 9E-6 119 118.905845 8E-6 120 119.90796 40E-6 121 120.907846 29E-6 122 121.91028 50E-6 123 122.910438 26E-6 124 123.91318 50E-6 125 124.9136 30E-6 126 125.91646 40E-6 127 126.91735 40E-6 128 127.92017 50E-6 129 128.9217 50E-6 130 129.92497 40E-6 131 130.92685 30E-6 132 131.93299 70E-6 133 132.93781 320E-6 134 133.94415 430E-6 135 134.94933 540E-6
Sn 50  99 98.94933 640E-6 100 99.93904 760E-6 101 100.93606 320E-6 102 101.9303 140E-6 103 102.9281 320E-6 104 103.92314 110E-6 105 104.92135 90E-6 106 105.91688 50E-6 107 106.91564 90E-6 108 107.911925 21E-6 109 108.911283 11E-6 110 109.907843 15E-6 111 110.907734 7E-6 112 111.904818 5E-6 113 112.905171 4E-6 114 113.902779 3E-6 115 114.903342 3E-6 116 115.901741 3E-6 117 116.902952 3E-6 118 117.901603 3E-6 119 118.903308 3E-6 120 119.9021947 2.7E-6 121 120.9042355 2.7E-6 122 121.903439 2.9E-6 123 122.9057208 2.9E-6 124 123.9052739 1.5E-6 125 124.9077841 1.6E-6 126 125.907653 11E-6 127 126.91036 26E-6 128 127.910537 29E-6 129 128.91348 30E-6 130 129.913967 11E-6 131 130.917 23E-6 132 131.917816 15E-6 133 132.92383 40E-6 134 133.92829 110E-6 135 134.93473 430E-6 136 135.93934 540E-6 137 136.94599 640E-6
Sb 51  103 102.93969 320E-6 104 103.93647 390E-6 105 104.93149 110E-6 106 105.92879 340E-6 107 106.92415 320E-6 108 107.92216 220E-6 109 108.918132 20E-6 110 109.91675 220E-6 111 110.91316 30E-6 112 111.912398 19E-6 113 112.909372 19E-6 114 113.90927 30E-6 115 114.906598 17E-6 116 115.906794 6E-6 117 116.904836 10E-6 118 117.905529 4E-6 119 118.903942 9E-6 120 119.905072 8E-6 121 120.9038157 2.4E-6 122 121.9051737 2.4E-6 123 122.904214 2.2E-6 124 123.9059357 2.2E-6 125 124.9052538 2.8E-6 126 125.90725 30E-6 127 126.906924 6E-6 128 127.909169 27E-6 129 128.909148 23E-6 130 129.911656 18E-6 131 130.911982 22E-6 132 131.914467 15E-6 133 132.915252 27E-6 134 133.92038 50E-6 135 134.92517 110E-6 136 135.93035 320E-6 137 136.93531 430E-6 138 137.94079 320E-6 139 138.94598 540E-6
Te 52  105 104.94364 540E-6 106 105.9375 140E-6 107 106.93501 320E-6 108 107.92944 110E-6 109 108.92742 70E-6 110 109.92241 60E-6 111 110.92111 80E-6 112 111.91701 180E-6 113 112.91589 30E-6 114 113.91209 30E-6 115 114.9119 30E-6 116 115.90846 30E-6 117 116.908645 14E-6 118 117.905828 16E-6 119 118.906404 9E-6 120 119.90402 10E-6 121 120.904936 28E-6 122 121.9030439 1.6E-6 123 122.90427 1.6E-6 124 123.9028179 1.6E-6 125 124.9044307 1.6E-6 126 125.9033117 1.6E-6 127 126.9052263 1.6E-6 128 127.9044631 1.9E-6 129 128.9065982 1.9E-6 130 129.9062244 2.1E-6 131 130.9085239 2.1E-6 132 131.908553 7E-6 133 132.910955 26E-6 134 133.911369 11E-6 135 134.91645 100E-6 136 135.9201 50E-6 137 136.92532 130E-6 138 137.92922 220E-6 139 138.93473 430E-6 140 139.93885 320E-6 141 140.94465 430E-6 142 141.94908 640E-6
I 53  108 107.94348 390E-6 109 108.93815 110E-6 110 109.93524 330E-6 111 110.93028 320E-6 112 111.92797 230E-6 113 112.92364 60E-6 114 113.92185 320E-6 115 114.91805 30E-6 116 115.91681 100E-6 117 116.91365 30E-6 118 117.913074 21E-6 119 118.91007 30E-6 120 119.910048 19E-6 121 120.907367 11E-6 122 121.907589 6E-6 123 122.905589 4E-6 124 123.9062099 2.5E-6 125 124.9046302 1.6E-6 126 125.905624 4E-6 127 126.904473 4E-6 128 127.905809 4E-6 129 128.904988 3E-6 130 129.906674 3E-6 131 130.9061246 1.2E-6 132 131.907997 6E-6 133 132.907797 5E-6 134 133.909744 9E-6 135 134.910048 8E-6 136 135.91465 50E-6 137 136.917871 30E-6 138 137.92235 90E-6 139 138.9261 30E-6 140 139.931 210E-6 141 140.93503 210E-6 142 141.94018 430E-6 143 142.94456 430E-6 144 143.94999 540E-6
Xe 54  110 109.94428 140E-6 111 110.9416 330E-6 112 111.93562 110E-6 113 112.93334 90E-6 114 113.92798 12E-6 115 114.926294 13E-6 116 115.921581 14E-6 117 116.920359 11E-6 118 117.916179 11E-6 119 118.915411 11E-6 120 119.911784 13E-6 121 120.911462 12E-6 122 121.908368 12E-6 123 122.908482 10E-6 124 123.905893 2E-6 125 124.9063955 2E-6 126 125.904274 7E-6 127 126.905184 4E-6 128 127.9035313 1.5E-6 129 128.9047794 0.8E-6 130 129.903508 0.8E-6 131 130.9050824 1E-6 132 131.9041535 1E-6 133 132.9059107 2.6E-6 134 133.9053945 0.9E-6 135 134.907227 5E-6 136 135.907219 8E-6 137 136.911562 8E-6 138 137.91395 50E-6 139 138.918793 22E-6 140 139.92164 70E-6 141 140.92665 100E-6 142 141.92971 110E-6 143 142.93511 210E-6 144 143.93851 320E-6 145 144.94407 320E-6 146 145.94775 430E-6 147 146.95356 430E-6
Cs 55  112 111.9503 330E-6 113 112.94449 110E-6 114 113.94145 330E-6 115 114.93591 320E-6 116 115.93337 110E-6 117 116.92867 70E-6 118 117.926559 14E-6 119 118.922377 15E-6 120 119.920677 11E-6 121 120.917229 15E-6 122 121.91611 30E-6 123 122.912996 13E-6 124 123.912258 9E-6 125 124.909728 8E-6 126 125.909452 13E-6 127 126.907418 6E-6 128 127.907749 6E-6 129 128.906064 5E-6 130 129.906709 9E-6 131 130.905464 5E-6 132 131.9064343 2E-6 133 132.9054519 0.024E-6 134 133.9067185 0.028E-6 135 134.905977 1.1E-6 136 135.9073116 2E-6 137 136.9070895 0.5E-6 138 137.911017 10E-6 139 138.913364 3E-6 140 139.917282 9E-6 141 140.920046 11E-6 142 141.924299 11E-6 143 142.927352 25E-6 144 143.932077 28E-6 145 144.935526 12E-6 146 145.94029 80E-6 147 146.94416 60E-6 148 147.94922 620E-6 149 148.95293 210E-6 150 149.95817 320E-6 151 150.96219 540E-6
Ba 56  114 113.95068 150E-6 115 114.94737 640E-6 116 115.94138 430E-6 117 116.9385 320E-6 118 117.93304 210E-6 119 118.93066 210E-6 120 119.92604 320E-6 121 120.92405 150E-6 122 121.9199 30E-6 123 122.918781 13E-6 124 123.915094 13E-6 125 124.914473 12E-6 126 125.91125 13E-6 127 126.911094 12E-6 128 127.908318 11E-6 129 128.908679 12E-6 130 129.9063208 3E-6 131 130.906941 3E-6 132 131.9050613 1.1E-6 133 132.9060075 1.1E-6 134 133.9045084 0.4E-6 135 134.9056886 0.4E-6 136 135.9045759 0.4E-6 137 136.9058274 0.5E-6 138 137.9052472 0.5E-6 139 138.9088413 0.5E-6 140 139.910605 9E-6 141 140.914411 9E-6 142 141.916453 7E-6 143 142.920627 14E-6 144 143.922953 14E-6 145 144.92763 80E-6 146 145.93022 80E-6 147 146.93495 220E-6 148 147.93772 90E-6 149 148.94258 210E-6 150 149.94568 430E-6 151 150.95081 430E-6 152 151.95427 540E-6 153 152.95961 860E-6
La 57  117 116.95007 430E-6 118 117.94673 320E-6 119 118.94099 430E-6 120 119.93807 540E-6 121 120.93301 540E-6 122 121.93071 320E-6 123 122.92624 210E-6 124 123.92457 60E-6 125 124.920816 28E-6 126 125.91951 100E-6 127 126.916375 28E-6 128 127.91559 60E-6 129 128.912693 22E-6 130 129.912369 28E-6 131 130.91007 30E-6 132 131.9101 40E-6 133 132.90822 30E-6 134 133.908514 21E-6 135 134.906977 11E-6 136 135.90764 60E-6 137 136.906494 14E-6 138 137.907112 4E-6 139 138.9063533 2.6E-6 140 139.9094776 2.6E-6 141 140.910962 5E-6 142 141.914079 6E-6 143 142.916063 17E-6 144 143.9196 50E-6 145 144.92165 100E-6 146 145.92579 80E-6 147 146.92824 50E-6 148 147.93223 60E-6 149 148.93473 340E-6 150 149.93877 430E-6 151 150.94172 430E-6 152 151.94625 430E-6 153 152.94962 640E-6 154 153.9545 640E-6 155 154.95835 860E-6
Ce 58  119 118.95276 640E-6 120 119.94664 750E-6 121 120.94342 540E-6 122 121.93791 430E-6 123 122.9354 320E-6 124 123.93041 320E-6 125 124.92844 210E-6 126 125.92397 30E-6 127 126.92273 60E-6 128 127.91891 30E-6 129 128.9181 30E-6 130 129.91474 30E-6 131 130.91442 40E-6 132 131.91146 22E-6 133 132.911515 18E-6 134 133.908925 22E-6 135 134.909151 12E-6 136 135.907172 14E-6 137 136.907806 14E-6 138 137.905991 11E-6 139 138.906653 8E-6 140 139.9054387 2.6E-6 141 140.9082763 2.6E-6 142 141.909244 3E-6 143 142.912386 3E-6 144 143.913647 4E-6 145 144.91723 40E-6 146 145.91876 70E-6 147 146.92267 30E-6 148 147.92443 30E-6 149 148.9284 100E-6 150 149.93041 50E-6 151 150.93398 110E-6 152 151.93654 210E-6 153 152.94058 430E-6 154 153.94342 540E-6 155 154.94804 640E-6 156 155.95126 640E-6 157 156.95634 750E-6
Pr 59  121 120.95536 750E-6 122 121.95181 540E-6 123 122.94596 640E-6 124 123.94296 640E-6 125 124.93783 430E-6 126 125.93531 210E-6 127 126.93083 210E-6 128 127.92879 30E-6 129 128.9251 30E-6 130 129.92359 70E-6 131 130.92026 60E-6 132 131.91926 60E-6 133 132.916331 13E-6 134 133.91571 40E-6 135 134.913112 13E-6 136 135.912692 13E-6 137 136.910705 13E-6 138 137.910755 15E-6 139 138.908938 8E-6 140 139.909076 7E-6 141 140.9076528 2.6E-6 142 141.9100448 2.6E-6 143 142.9108169 2.8E-6 144 143.913305 4E-6 145 144.914512 8E-6 146 145.91764 70E-6 147 146.918996 25E-6 148 147.922135 28E-6 149 148.92372 90E-6 150 149.926673 28E-6 151 150.928319 25E-6 152 151.9315 130E-6 153 152.93384 110E-6 154 153.93752 160E-6 155 154.94012 320E-6 156 155.94427 430E-6 157 156.94743 430E-6 158 157.95198 640E-6 159 158.9555 750E-6
Nd 60  124 123.95223 640E-6 125 124.94888 430E-6 126 125.94322 430E-6 127 126.9405 430E-6 128 127.93539 210E-6 129 128.93319 220E-6 130 129.92851 30E-6 131 130.92725 30E-6 132 131.923321 26E-6 133 132.92235 50E-6 134 133.91879 13E-6 135 134.918181 21E-6 136 135.914976 13E-6 137 136.914567 12E-6 138 137.91195 13E-6 139 138.911978 28E-6 140 139.90955 30E-6 141 140.90961 4E-6 142 141.9077233 2.5E-6 143 142.9098143 2.5E-6 144 143.9100873 2.5E-6 145 144.9125736 2.5E-6 146 145.9131169 2.5E-6 147 146.9161004 2.5E-6 148 147.916893 3E-6 149 148.920149 3E-6 150 149.920891 3E-6 151 150.923829 3E-6 152 151.924682 26E-6 153 152.927698 29E-6 154 153.92948 120E-6 155 154.93293 160E-6 156 155.93502 220E-6 157 156.93903 210E-6 158 157.9416 430E-6 159 158.94609 540E-6 160 159.94909 640E-6 161 160.95388 750E-6
Pm 61  126 125.95752 540E-6 127 126.95163 640E-6 128 127.94842 430E-6 129 128.94316 430E-6 130 129.94045 320E-6 131 130.93587 210E-6 132 131.93375 210E-6 133 132.92978 50E-6 134 133.92835 60E-6 135 134.92488 60E-6 136 135.92357 80E-6 137 136.920479 14E-6 138 137.919548 30E-6 139 138.916804 14E-6 140 139.91604 40E-6 141 140.913555 15E-6 142 141.912874 27E-6 143 142.910933 4E-6 144 143.912591 3E-6 145 144.912749 3E-6 146 145.914696 5E-6 147 146.9151385 2.6E-6 148 147.917475 7E-6 149 148.918334 4E-6 150 149.920984 22E-6 151 150.921207 6E-6 152 151.923497 28E-6 153 152.924117 12E-6 154 153.92646 50E-6 155 154.9281 30E-6 156 155.93106 40E-6 157 156.93304 120E-6 158 157.93656 140E-6 159 158.93897 210E-6 160 159.94299 320E-6 161 160.94586 540E-6 162 161.95029 750E-6 163 162.95368 860E-6
Sm 62  128 127.95808 540E-6 129 128.95464 540E-6 130 129.94892 430E-6 131 130.94611 320E-6 132 131.94069 320E-6 133 132.93867 210E-6 134 133.93397 210E-6 135 134.93252 170E-6 136 135.928276 13E-6 137 136.92697 50E-6 138 137.923244 13E-6 139 138.922297 12E-6 140 139.918995 13E-6 141 140.918476 9E-6 142 141.915198 6E-6 143 142.914628 4E-6 144 143.911999 3E-6 145 144.91341 3E-6 146 145.913041 4E-6 147 146.9148979 2.6E-6 148 147.9148227 2.6E-6 149 148.9171847 2.6E-6 150 149.9172755 2.6E-6 151 150.9199324 2.6E-6 152 151.9197324 2.7E-6 153 152.9220974 2.7E-6 154 153.9222093 2.7E-6 155 154.9246402 2.8E-6 156 155.925528 10E-6 157 156.92836 50E-6 158 157.92999 80E-6 159 158.93321 110E-6 160 159.93514 210E-6 161 160.93883 320E-6 162 161.94122 540E-6 163 162.94536 750E-6 164 163.94828 860E-6 165 164.95298 970E-6
Eu 63  130 129.96357 540E-6 131 130.95775 430E-6 132 131.95437 430E-6 133 132.94924 320E-6 134 133.94651 210E-6 135 134.94182 320E-6 136 135.9396 210E-6 137 136.93557 210E-6 138 137.93371 30E-6 139 138.929792 14E-6 140 139.92809 60E-6 141 140.924931 14E-6 142 141.92343 30E-6 143 142.920298 12E-6 144 143.918817 12E-6 145 144.916265 4E-6 146 145.917206 7E-6 147 146.916746 3E-6 148 147.918086 11E-6 149 148.917931 5E-6 150 149.919702 7E-6 151 150.9198502 2.6E-6 152 151.9217445 2.6E-6 153 152.9212303 2.6E-6 154 153.9229792 2.6E-6 155 154.9228933 2.7E-6 156 155.924752 6E-6 157 156.925424 6E-6 158 157.92785 80E-6 159 158.929089 8E-6 160 159.93197 220E-6 161 160.93368 320E-6 162 161.93704 320E-6 163 162.93921 540E-6 164 163.94299 640E-6 165 164.94572 750E-6 166 165.94997 860E-6 167 166.95321 860E-6
Gd 64  134 133.95537 430E-6 135 134.95257 540E-6 136 135.94734 430E-6 137 136.94502 430E-6 138 137.94012 210E-6 139 138.93824 210E-6 140 139.93367 30E-6 141 140.932126 21E-6 142 141.92812 30E-6 143 142.92675 220E-6 144 143.92296 30E-6 145 144.921709 20E-6 146 145.918311 5E-6 147 146.919094 3E-6 148 147.918115 3E-6 149 148.919341 4E-6 150 149.918659 7E-6 151 150.920348 4E-6 152 151.919791 2.7E-6 153 152.9217495 2.7E-6 154 153.9208656 2.7E-6 155 154.922622 2.7E-6 156 155.9221227 2.7E-6 157 156.9239601 2.7E-6 158 157.9241039 2.7E-6 159 158.9263887 2.7E-6 160 159.9270541 2.7E-6 161 160.9296692 2.9E-6 162 161.930985 5E-6 163 162.93399 320E-6 164 163.93586 430E-6 165 164.93938 540E-6 166 165.9416 640E-6 167 166.94557 640E-6 168 167.94836 750E-6 169 168.95287 860E-6
Tb 65  136 135.96138 640E-6 137 136.95598 640E-6 138 137.95316 430E-6 139 138.94829 320E-6 140 139.94581 860E-6 141 140.94145 110E-6 142 141.93874 320E-6 143 142.93512 60E-6 144 143.93305 30E-6 145 144.92927 60E-6 146 145.92725 50E-6 147 146.924045 13E-6 148 147.924272 15E-6 149 148.923246 5E-6 150 149.92366 8E-6 151 150.923103 5E-6 152 151.92407 40E-6 153 152.923435 5E-6 154 153.92468 50E-6 155 154.923505 13E-6 156 155.924747 5E-6 157 156.9240246 2.7E-6 158 157.9254131 2.8E-6 159 158.9253468 2.7E-6 160 159.9271676 2.7E-6 161 160.9275699 2.8E-6 162 161.92949 40E-6 163 162.930648 5E-6 164 163.93335 110E-6 165 164.93488 210E-6 166 165.93799 110E-6 167 166.94005 430E-6 168 167.94364 540E-6 169 168.94622 640E-6 170 169.95025 750E-6 171 170.9533 860E-6
Dy 66  138 137.96249 640E-6 139 138.95954 540E-6 140 139.95401 540E-6 141 140.95135 320E-6 142 141.94637 390E-6 143 142.94383 210E-6 144 143.93925 30E-6 145 144.93743 50E-6 146 145.932845 29E-6 147 146.931092 21E-6 148 147.92715 11E-6 149 148.927305 9E-6 150 149.925585 5E-6 151 150.926185 4E-6 152 151.924718 6E-6 153 152.925765 5E-6 154 153.924424 8E-6 155 154.925754 13E-6 156 155.924283 7E-6 157 156.925466 7E-6 158 157.924409 4E-6 159 158.9257392 2.9E-6 160 159.9251975 2.7E-6 161 160.9269334 2.7E-6 162 161.9267984 2.7E-6 163 162.9287312 2.7E-6 164 163.9291748 2.7E-6 165 164.9317033 2.7E-6 166 165.9328067 2.8E-6 167 166.93566 60E-6 168 167.93713 150E-6 169 168.94031 320E-6 170 169.94239 210E-6 171 170.9462 320E-6 172 171.94876 430E-6 173 172.953 540E-6
Ho 67  140 139.96854 540E-6 141 140.9631 540E-6 142 141.95977 540E-6 143 142.95461 430E-6 144 143.95148 320E-6 145 144.9472 320E-6 146 145.94464 210E-6 147 146.94006 30E-6 148 147.93772 140E-6 149 148.933775 20E-6 150 149.933496 15E-6 151 150.931688 13E-6 152 151.931714 15E-6 153 152.930199 6E-6 154 153.930602 9E-6 155 154.929103 19E-6 156 155.92984 50E-6 157 156.928256 26E-6 158 157.928941 29E-6 159 158.927712 4E-6 160 159.928729 16E-6 161 160.927855 3E-6 162 161.929096 4E-6 163 162.9287339 2.7E-6 164 163.9302335 3E-6 165 164.9303221 2.7E-6 166 165.9322842 2.7E-6 167 166.933133 6E-6 168 167.93552 30E-6 169 168.936872 22E-6 170 169.93962 50E-6 171 170.94147 640E-6 172 171.94482 430E-6 173 172.94729 430E-6 174 173.95115 540E-6 175 174.95405 640E-6
Er 68  143 142.96634 640E-6 144 143.96038 430E-6 145 144.95739 430E-6 146 145.952 320E-6 147 146.94949 320E-6 148 147.94455 210E-6 149 148.94231 30E-6 150 149.937914 18E-6 151 150.937449 18E-6 152 151.93505 11E-6 153 152.935063 9E-6 154 153.932783 6E-6 155 154.933209 7E-6 156 155.931065 26E-6 157 156.93192 30E-6 158 157.929893 27E-6 159 158.930684 5E-6 160 159.929083 26E-6 161 160.929995 10E-6 162 161.928778 4E-6 163 162.930033 6E-6 164 163.9292 3E-6 165 164.930726 3E-6 166 165.9302931 2.7E-6 167 166.9320482 2.7E-6 168 167.9323702 2.7E-6 169 168.9345904 2.7E-6 170 169.9354643 3E-6 171 170.9380298 3E-6 172 171.939356 5E-6 173 172.9424 210E-6 174 173.94423 320E-6 175 174.94777 430E-6 176 175.95008 430E-6 177 176.95405 540E-6
Tm 69  145 144.97007 430E-6 146 145.96643 430E-6 147 146.96096 320E-6 148 147.95784 430E-6 149 148.95272 320E-6 150 149.94996 210E-6 151 150.945483 22E-6 152 151.94442 80E-6 153 152.942012 20E-6 154 153.941568 15E-6 155 154.939199 14E-6 156 155.93898 17E-6 157 156.93697 30E-6 158 157.93698 27E-6 159 158.93498 30E-6 160 159.93526 40E-6 161 160.93355 30E-6 162 161.933995 28E-6 163 162.932651 6E-6 164 163.93356 30E-6 165 164.932435 4E-6 166 165.933554 13E-6 167 166.9328516 2.9E-6 168 167.934173 3E-6 169 168.9342133 2.7E-6 170 169.9358014 2.7E-6 171 170.9364294 2.8E-6 172 171.9384 6E-6 173 172.939604 5E-6 174 173.94217 50E-6 175 174.94384 50E-6 176 175.94699 110E-6 177 176.94904 320E-6 178 177.95264 430E-6 179 178.95534 540E-6
Yb 70  148 147.96742 640E-6 149 148.96404 540E-6 150 149.95842 430E-6 151 150.9554 320E-6 152 151.95029 220E-6 153 152.94948 210E-6 154 153.946394 19E-6 155 154.945782 18E-6 156 155.942818 12E-6 157 156.942628 11E-6 158 157.939866 9E-6 159 158.94005 20E-6 160 159.937552 18E-6 161 160.937902 17E-6 162 161.935768 17E-6 163 162.936334 17E-6 164 163.934489 17E-6 165 164.93528 30E-6 166 165.933882 9E-6 167 166.93495 5E-6 168 167.933897 5E-6 169 168.93519 5E-6 170 169.9347618 2.6E-6 171 170.9363258 2.6E-6 172 171.9363815 2.6E-6 173 172.9382108 2.6E-6 174 173.9388621 2.6E-6 175 174.9412765 2.6E-6 176 175.9425717 2.8E-6 177 176.9452608 2.8E-6 178 177.946647 11E-6 179 178.95017 320E-6 180 179.95233 430E-6 181 180.95615 430E-6
Lu 71  150 149.97323 540E-6 151 150.96758 430E-6 152 151.96412 210E-6 153 152.95877 220E-6 154 153.95752 220E-6 155 154.954316 22E-6 156 155.95303 80E-6 157 156.950098 20E-6 158 157.949313 16E-6 159 158.94663 40E-6 160 159.94603 60E-6 161 160.94357 30E-6 162 161.94328 80E-6 163 162.94118 30E-6 164 163.94134 30E-6 165 164.939407 28E-6 166 165.93986 30E-6 167 166.93827 30E-6 168 167.93874 50E-6 169 168.937651 6E-6 170 169.938475 18E-6 171 170.9379131 3E-6 172 171.939086 3E-6 173 172.9389306 2.6E-6 174 173.9403375 2.6E-6 175 174.9407718 2.3E-6 176 175.9426863 2.3E-6 177 176.9437581 2.3E-6 178 177.945955 3E-6 179 178.947327 6E-6 180 179.94988 80E-6 181 180.95197 320E-6 182 181.95504 210E-6 183 182.95757 320E-6 184 183.96091 430E-6
Hf 72  153 152.97069 540E-6 154 153.96486 540E-6 155 154.96339 430E-6 156 155.95936 220E-6 157 156.9584 210E-6 158 157.954799 19E-6 159 158.953995 18E-6 160 159.950684 12E-6 161 160.950275 24E-6 162 161.94721 10E-6 163 162.94709 30E-6 164 163.944367 22E-6 165 164.94457 30E-6 166 165.94218 30E-6 167 166.9426 30E-6 168 167.94057 30E-6 169 168.94126 30E-6 170 169.93961 30E-6 171 170.94049 30E-6 172 171.939448 26E-6 173 172.94051 30E-6 174 173.940046 3E-6 175 174.941509 3E-6 176 175.9414086 2.4E-6 177 176.9432207 2.3E-6 178 177.9436988 2.3E-6 179 178.9458161 2.3E-6 180 179.94655 2.3E-6 181 180.9491012 2.3E-6 182 181.950554 7E-6 183 182.95353 30E-6 184 183.95545 40E-6 185 184.95882 210E-6 186 185.96089 320E-6 187 186.96459 430E-6 188 187.96685 540E-6
Ta 73  155 154.97459 540E-6 156 155.9723 430E-6 157 156.96819 220E-6 158 157.9667 220E-6 159 158.963018 22E-6 160 159.96149 100E-6 161 160.95842 60E-6 162 161.95729 60E-6 163 162.95433 40E-6 164 163.95353 30E-6 165 164.950773 19E-6 166 165.95051 30E-6 167 166.94809 30E-6 168 167.94805 30E-6 169 168.94601 30E-6 170 169.94618 30E-6 171 170.94448 30E-6 172 171.9449 30E-6 173 172.94375 30E-6 174 173.94445 30E-6 175 174.94374 30E-6 176 175.94486 30E-6 177 176.944472 4E-6 178 177.945778 16E-6 179 178.9459295 2.3E-6 180 179.9474648 2.4E-6 181 180.9479958 1.9E-6 182 181.9501518 1.9E-6 183 182.9513726 1.9E-6 184 183.954008 28E-6 185 184.955559 15E-6 186 185.95855 60E-6 187 186.96053 210E-6 188 187.9637 210E-6 189 188.96583 320E-6 190 189.96923 430E-6
W 74  158 157.97456 540E-6 159 158.97292 430E-6 160 159.96848 220E-6 161 160.96736 210E-6 162 161.963497 19E-6 163 162.96252 60E-6 164 163.958954 13E-6 165 164.95828 27E-6 166 165.955027 11E-6 167 166.954816 21E-6 168 167.951808 17E-6 169 168.951779 17E-6 170 169.949228 16E-6 171 170.94945 30E-6 172 171.94729 30E-6 173 172.94769 30E-6 174 173.94608 30E-6 175 174.94672 30E-6 176 175.94563 30E-6 177 176.94664 30E-6 178 177.945876 16E-6 179 178.94707 17E-6 180 179.946704 4E-6 181 180.948197 5E-6 182 181.9482042 0.9E-6 183 182.950223 0.9E-6 184 183.9509312 0.9E-6 185 184.9534193 1E-6 186 185.9543641 1.9E-6 187 186.9571605 1.9E-6 188 187.958489 4E-6 189 188.96191 210E-6 190 189.96318 180E-6 191 190.9666 210E-6 192 191.96817 640E-6
Re 75  160 159.98212 430E-6 161 160.97759 220E-6 162 161.976 220E-6 163 162.972081 21E-6 164 163.97032 170E-6 165 164.967089 30E-6 166 165.96581 90E-6 167 166.9626 60E-6 168 167.96157 30E-6 169 168.95879 30E-6 170 169.95822 28E-6 171 170.95572 30E-6 172 171.95542 60E-6 173 172.95324 30E-6 174 173.95312 30E-6 175 174.95138 30E-6 176 175.95162 30E-6 177 176.95033 30E-6 178 177.95099 30E-6 179 178.949988 26E-6 180 179.950789 23E-6 181 180.950068 14E-6 182 181.95121 110E-6 183 182.95082 9E-6 184 183.952521 5E-6 185 184.952955 1.3E-6 186 185.9549861 1.3E-6 187 186.9557531 1.5E-6 188 187.9581144 1.5E-6 189 188.959229 9E-6 190 189.96182 160E-6 191 190.963125 11E-6 192 191.96596 210E-6 193 192.96747 210E-6 194 193.97042 320E-6
Os 76  162 161.98443 540E-6 163 162.98269 430E-6 164 163.97804 220E-6 165 164.97676 220E-6 166 165.972691 20E-6 167 166.97155 80E-6 168 167.967804 13E-6 169 168.967019 27E-6 170 169.963577 12E-6 171 170.963185 20E-6 172 171.960023 16E-6 173 172.959808 16E-6 174 173.957062 12E-6 175 174.956946 15E-6 176 175.95481 30E-6 177 176.954965 17E-6 178 177.953251 18E-6 179 178.953816 19E-6 180 179.952379 22E-6 181 180.95324 30E-6 182 181.95211 23E-6 183 182.95313 50E-6 184 183.9524891 1.4E-6 185 184.9540423 1.4E-6 186 185.9538382 1.5E-6 187 186.9557505 1.5E-6 188 187.9558382 1.5E-6 189 188.9581475 1.6E-6 190 189.958447 1.6E-6 191 190.9609297 1.6E-6 192 191.9614807 2.7E-6 193 192.9641516 2.7E-6 194 193.9651821 2.8E-6 195 194.96813 540E-6 196 195.96964 40E-6
Ir 77  164 163.9922 440E-6 165 164.98752 230E-6 166 165.98582 220E-6 167 166.981665 20E-6 168 167.97988 160E-6 169 168.976295 28E-6 170 169.97497 110E-6 171 170.97163 40E-6 172 171.97046 110E-6 173 172.967502 15E-6 174 173.966861 30E-6 175 174.964113 21E-6 176 175.963649 22E-6 177 176.961302 21E-6 178 177.961082 21E-6 179 178.959122 12E-6 180 179.959229 23E-6 181 180.957625 28E-6 182 181.958076 23E-6 183 182.956846 27E-6 184 183.95748 30E-6 185 184.9567 30E-6 186 185.957946 18E-6 187 186.957363 7E-6 188 187.958853 8E-6 189 188.958719 14E-6 190 189.960546 1.8E-6 191 190.960594 1.8E-6 192 191.962605 1.8E-6 193 192.9629264 1.8E-6 194 193.9650784 1.8E-6 195 194.9659796 1.8E-6 196 195.9684 40E-6 197 196.969653 22E-6 198 197.97228 210E-6 199 198.9738 40E-6
Pt 78  166 165.99486 540E-6 167 166.99298 440E-6 168 167.98815 220E-6 169 168.98672 220E-6 170 169.982495 20E-6 171 170.98124 90E-6 172 171.977347 14E-6 173 172.97644 60E-6 174 173.972819 13E-6 175 174.972421 20E-6 176 175.968945 15E-6 177 176.968469 16E-6 178 177.965649 12E-6 179 178.965363 10E-6 180 179.963031 12E-6 181 180.963097 16E-6 182 181.961171 17E-6 183 182.961597 17E-6 184 183.959922 19E-6 185 184.96062 40E-6 186 185.959351 23E-6 187 186.96059 30E-6 188 187.959395 6E-6 189 188.960834 12E-6 190 189.959932 6E-6 191 190.961677 5E-6 192 191.961038 2.7E-6 193 192.9629874 1.8E-6 194 193.9626803 0.9E-6 195 194.9647911 0.9E-6 196 195.9649515 0.9E-6 197 196.9673402 0.9E-6 198 197.967893 3E-6 199 198.970593 3E-6 200 199.971441 22E-6 201 200.97451 50E-6 202 201.97574 320E-6
Au 79  169 168.99808 320E-6 170 169.99612 220E-6 171 170.991879 28E-6 172 171.99004 170E-6 173 172.986237 28E-6 174 173.98476 110E-6 175 174.98127 50E-6 176 175.9801 110E-6 177 176.976865 14E-6 178 177.97603 60E-6 179 178.973213 18E-6 180 179.972521 23E-6 181 180.970079 21E-6 182 181.969618 22E-6 183 182.967593 11E-6 184 183.967452 24E-6 185 184.965789 28E-6 186 185.965953 23E-6 187 186.964568 27E-6 188 187.965324 22E-6 189 188.963948 22E-6 190 189.9647 17E-6 191 190.9637 40E-6 192 191.964813 17E-6 193 192.96415 11E-6 194 193.965365 11E-6 195 194.9650346 1.4E-6 196 195.96657 3E-6 197 196.9665687 0.6E-6 198 197.9682423 0.6E-6 199 198.9687652 0.6E-6 200 199.97073 50E-6 201 200.971657 3E-6 202 201.97381 180E-6 203 202.975155 3E-6 204 203.97772 220E-6 205 204.97987 320E-6
Hg 80  171 171.00376 320E-6 172 171.99883 220E-6 173 172.99724 220E-6 174 173.992864 21E-6 175 174.99142 110E-6 176 175.987355 15E-6 177 176.98628 80E-6 178 177.982483 14E-6 179 178.981834 29E-6 180 179.978266 15E-6 181 180.977819 17E-6 182 181.97469 10E-6 183 182.97445 9E-6 184 183.971713 11E-6 185 184.971899 17E-6 186 185.969362 12E-6 187 186.969814 15E-6 188 187.967577 12E-6 189 188.96819 40E-6 190 189.966322 17E-6 191 190.967157 24E-6 192 191.965634 17E-6 193 192.966665 17E-6 194 193.965439 13E-6 195 194.96672 25E-6 196 195.965833 3E-6 197 196.967213 3E-6 198 197.966769 0.4E-6 199 198.9682799 0.4E-6 200 199.968326 0.4E-6 201 200.9703023 0.6E-6 202 201.970643 0.6E-6 203 202.9728725 1.8E-6 204 203.9734939 0.4E-6 205 204.976073 4E-6 206 205.977514 22E-6 207 206.98259 160E-6 208 207.98594 320E-6 209 208.99104 210E-6 210 209.99451 320E-6
Tl 81  176 176.00059 210E-6 177 176.996427 27E-6 178 177.9949 120E-6 179 178.99109 50E-6 180 179.98991 130E-6 181 180.986257 10E-6 182 181.98567 80E-6 183 182.982193 10E-6 184 183.98187 50E-6 185 184.97879 60E-6 186 185.97833 200E-6 187 186.975906 9E-6 188 187.97601 40E-6 189 188.973588 12E-6 190 189.97388 50E-6 191 190.971786 8E-6 192 191.97223 30E-6 193 192.97067 120E-6 194 193.9712 150E-6 195 194.969774 15E-6 196 195.970481 13E-6 197 196.969575 18E-6 198 197.97048 90E-6 199 198.96988 30E-6 200 199.970963 6E-6 201 200.970819 16E-6 202 201.972106 16E-6 203 202.9723442 1.4E-6 204 203.9738635 1.3E-6 205 204.9744275 1.4E-6 206 205.9761103 1.5E-6 207 206.977419 6E-6 208 207.9820187 2.1E-6 209 208.985359 8E-6 210 209.990074 12E-6 211 210.99348 220E-6 212 211.99823 320E-6
Pb 82  178 178.00383 26E-6 179 179.00215 210E-6 180 179.997918 22E-6 181 180.99662 100E-6 182 181.992672 15E-6 183 182.99187 30E-6 184 183.988142 15E-6 185 184.98761 17E-6 186 185.984239 12E-6 187 186.983918 9E-6 188 187.980874 11E-6 189 188.98081 40E-6 190 189.978082 13E-6 191 190.97827 40E-6 192 191.975785 14E-6 193 192.97617 50E-6 194 193.974012 19E-6 195 194.974542 25E-6 196 195.972774 15E-6 197 196.973431 6E-6 198 197.972034 16E-6 199 198.972917 28E-6 200 199.971827 12E-6 201 200.972885 24E-6 202 201.972159 9E-6 203 202.973391 7E-6 204 203.9730436 1.3E-6 205 204.9744818 1.3E-6 206 205.9744653 1.3E-6 207 206.9758969 1.3E-6 208 207.9766521 1.3E-6 209 208.9810901 1.9E-6 210 209.9841885 1.6E-6 211 210.988737 2.9E-6 212 211.9918975 2.4E-6 213 212.996581 8E-6 214 213.9998054 2.6E-6 215 215.00481 440E-6
Bi 83  184 184.00112 140E-6 185 184.99763 60E-6 186 185.9966 80E-6 187 186.993158 16E-6 188 187.99227 50E-6 189 188.9892 60E-6 190 189.9883 200E-6 191 190.985786 8E-6 192 191.98546 40E-6 193 192.98296 10E-6 194 193.98283 50E-6 195 194.980651 6E-6 196 195.980667 26E-6 197 196.978864 9E-6 198 197.97921 30E-6 199 198.977672 13E-6 200 199.978132 26E-6 201 200.977009 16E-6 202 201.977742 22E-6 203 202.976876 23E-6 204 203.977813 28E-6 205 204.977389 8E-6 206 205.978499 8E-6 207 206.9784707 2.6E-6 208 207.9797422 2.5E-6 209 208.9803987 1.6E-6 210 209.9841204 1.6E-6 211 210.987269 6E-6 212 211.9912857 2.1E-6 213 212.994385 5E-6 214 213.998712 12E-6 215 215.00177 16E-6 216 216.006306 12E-6 217 217.00947 210E-6 218 218.01432 390E-6
Po 84  188 187.999422 21E-6 189 188.998481 24E-6 190 189.995101 14E-6 191 190.994574 12E-6 192 191.991335 13E-6 193 192.99103 40E-6 194 193.988186 13E-6 195 194.98811 40E-6 196 195.985535 14E-6 197 196.98566 50E-6 198 197.983389 19E-6 199 198.983666 25E-6 200 199.981799 15E-6 201 200.98226 6E-6 202 201.980758 16E-6 203 202.98142 28E-6 204 203.980318 12E-6 205 204.981203 21E-6 206 205.980481 9E-6 207 206.981593 7E-6 208 207.9812457 1.9E-6 209 208.9824304 2E-6 210 209.9828737 1.3E-6 211 210.9866532 1.4E-6 212 211.988868 1.3E-6 213 212.992857 3E-6 214 213.9952014 1.6E-6 215 214.99942 2.7E-6 216 216.001915 2.4E-6 217 217.006335 7E-6 218 218.008973 2.6E-6 219 219.01374 390E-6 220 220.0166 390E-6
At 85  193 192.99984 60E-6 194 193.99873 200E-6 195 194.996268 10E-6 196 195.99579 60E-6 197 196.99319 50E-6 198 197.99284 50E-6 199 198.99053 50E-6 200 199.990351 26E-6 201 200.988417 9E-6 202 201.98863 30E-6 203 202.986942 13E-6 204 203.987251 26E-6 205 204.986074 16E-6 206 205.986667 22E-6 207 206.985784 23E-6 208 207.98659 28E-6 209 208.986173 8E-6 210 209.987148 8E-6 211 210.9874963 3E-6 212 211.990745 8E-6 213 212.992937 5E-6 214 213.996372 5E-6 215 214.998653 7E-6 216 216.002423 4E-6 217 217.004719 5E-6 218 218.008694 12E-6 219 219.011162 4E-6 220 220.01541 60E-6 221 221.01805 210E-6 222 222.02233 320E-6 223 223.02519 430E-6
Rn 86  195 195.00544 50E-6 196 196.002115 16E-6 197 197.00158 70E-6 198 197.998679 14E-6 199 198.99837 70E-6 200 199.995699 14E-6 201 200.99563 80E-6 202 201.993263 19E-6 203 202.993387 25E-6 204 203.991429 16E-6 205 204.99172 50E-6 206 205.990214 16E-6 207 206.990734 28E-6 208 207.989642 12E-6 209 208.990415 21E-6 210 209.989696 9E-6 211 210.990601 7E-6 212 211.990704 3E-6 213 212.993883 6E-6 214 213.995363 10E-6 215 214.998745 8E-6 216 216.000274 8E-6 217 217.003928 5E-6 218 218.0056013 2.5E-6 219 219.0094802 2.7E-6 220 220.011394 2.4E-6 221 221.015537 6E-6 222 222.0175777 2.5E-6 223 223.02179 320E-6 224 224.02409 320E-6 225 225.02844 320E-6 226 226.03089 430E-6 227 227.03541 450E-6 228 228.03799 440E-6
Fr 87  199 199.00726 40E-6 200 200.00657 80E-6 201 201.00386 80E-6 202 202.00337 50E-6 203 203.000925 17E-6 204 204.000653 26E-6 205 204.998594 8E-6 206 205.99867 30E-6 207 206.99695 50E-6 208 207.99714 50E-6 209 208.995954 16E-6 210 209.996408 24E-6 211 210.995537 23E-6 212 211.996202 28E-6 213 212.996189 8E-6 214 213.998971 9E-6 215 215.000341 8E-6 216 216.003198 15E-6 217 217.004632 7E-6 218 218.007578 5E-6 219 219.009252 8E-6 220 220.012327 4E-6 221 221.014255 5E-6 222 222.017552 23E-6 223 223.0197359 2.6E-6 224 224.02325 50E-6 225 225.02557 30E-6 226 226.02939 110E-6 227 227.03184 110E-6 228 228.03573 220E-6 229 229.03845 40E-6 230 230.04251 480E-6 231 231.04544 500E-6 232 232.04977 690E-6
Ra 88  202 202.00989 70E-6 203 203.00927 90E-6 204 204.0065 17E-6 205 205.00627 90E-6 206 206.003827 19E-6 207 207.0038 60E-6 208 208.00184 17E-6 209 209.00199 50E-6 210 210.000495 16E-6 211 211.000898 28E-6 212 211.999794 12E-6 213 213.000384 22E-6 214 214.000108 10E-6 215 215.00272 8E-6 216 216.003533 9E-6 217 217.00632 9E-6 218 218.00714 12E-6 219 219.010085 9E-6 220 220.011028 10E-6 221 221.013917 5E-6 222 222.015375 5E-6 223 223.0185022 2.7E-6 224 224.0202118 2.4E-6 225 225.023612 3E-6 226 226.0254098 2.5E-6 227 227.0291778 2.5E-6 228 228.0310703 2.6E-6 229 229.034958 20E-6 230 230.037056 13E-6 231 231.04122 320E-6 232 232.04364 300E-6 233 233.04806 500E-6 234 234.0507 530E-6
Ac 89  206 206.0145 80E-6 207 207.01195 60E-6 208 208.01155 60E-6 209 209.00949 50E-6 210 210.00944 60E-6 211 211.00773 80E-6 212 212.00781 70E-6 213 213.00661 60E-6 214 214.006902 24E-6 215 215.006454 23E-6 216 216.00872 29E-6 217 217.009347 14E-6 218 218.01164 50E-6 219 219.01242 50E-6 220 220.014763 16E-6 221 221.01559 50E-6 222 222.017844 6E-6 223 223.019137 8E-6 224 224.021723 4E-6 225 225.02323 5E-6 226 226.026098 4E-6 227 227.0277521 2.6E-6 228 228.0310211 2.7E-6 229 229.03302 40E-6 230 230.03629 320E-6 231 231.03856 110E-6 232 232.04203 110E-6 233 233.04455 320E-6 234 234.04842 430E-6 235 235.05123 380E-6 236 236.0553 540E-6
Th 90  209 209.01772 110E-6 210 210.015075 27E-6 211 211.01493 80E-6 212 212.01298 20E-6 213 213.01301 80E-6 214 214.0115 18E-6 215 215.01173 29E-6 216 216.011062 14E-6 217 217.013114 22E-6 218 218.013284 14E-6 219 219.01554 50E-6 220 220.015748 24E-6 221 221.018184 10E-6 222 222.018468 13E-6 223 223.020811 10E-6 224 224.021467 12E-6 225 225.023951 5E-6 226 226.024903 5E-6 227 227.0277041 2.7E-6 228 228.0287411 2.4E-6 229 229.031762 3E-6 230 230.0331338 1.9E-6 231 231.0363043 1.9E-6 232 232.0380553 2.1E-6 233 233.0415818 2.1E-6 234 234.043601 4E-6 235 235.04751 50E-6 236 236.04987 210E-6 237 237.05389 390E-6 238 238.0565 300E-6
Pa 91  212 212.0232 80E-6 213 213.02111 80E-6 214 214.02092 80E-6 215 215.01919 90E-6 216 216.01911 80E-6 217 217.01832 60E-6 218 218.020042 26E-6 219 219.01988 60E-6 220 220.02188 60E-6 221 221.02188 60E-6 222 222.02374 80E-6 223 223.02396 80E-6 224 224.025626 17E-6 225 225.02613 80E-6 226 226.027948 12E-6 227 227.028805 8E-6 228 228.031051 5E-6 229 229.0320968 3E-6 230 230.034541 4E-6 231 231.035884 2.4E-6 232 232.038592 8E-6 233 233.0402473 2.3E-6 234 234.043308 5E-6 235 235.04544 50E-6 236 236.04868 210E-6 237 237.05115 110E-6 238 238.0545 60E-6 239 239.05726 210E-6 240 240.06098 320E-6
U 92  217 217.02437 90E-6 218 218.02354 30E-6 219 219.02492 60E-6 220 220.02472 220E-6 221 221.0264 110E-6 222 222.02609 110E-6 223 223.02774 80E-6 224 224.027605 27E-6 225 225.029391 12E-6 226 226.029339 14E-6 227 227.031156 18E-6 228 228.031374 16E-6 229 229.033506 6E-6 230 230.03394 5E-6 231 231.036294 3E-6 232 232.0371562 2.4E-6 233 233.0396352 2.9E-6 234 234.0409521 2E-6 235 235.0439299 2E-6 236 236.045568 2E-6 237 237.0487302 2E-6 238 238.0507882 2E-6 239 239.0542933 2.1E-6 240 240.056592 6E-6 241 241.06033 320E-6 242 242.06293 220E-6
Np 93  225 225.03391 80E-6 226 226.03515 100E-6 227 227.03496 80E-6 228 228.03618 210E-6 229 229.03626 90E-6 230 230.03783 60E-6 231 231.03825 50E-6 232 232.04011 110E-6 233 233.04074 50E-6 234 234.042895 9E-6 235 235.0440633 2.1E-6 236 236.04657 50E-6 237 237.0481734 2E-6 238 238.0509464 2E-6 239 239.052939 2.2E-6 240 240.056162 16E-6 241 241.05825 80E-6 242 242.06164 210E-6 243 243.06428 30E-6 244 244.06785 320E-6
Pu 94  228 228.03874 30E-6 229 229.04015 60E-6 230 230.03965 16E-6 231 231.041101 28E-6 232 232.041187 19E-6 233 233.043 50E-6 234 234.043317 7E-6 235 235.045286 22E-6 236 236.046058 2.4E-6 237 237.0484097 2.4E-6 238 238.0495599 2E-6 239 239.0521634 2E-6 240 240.0538135 2E-6 241 241.0568515 2E-6 242 242.0587426 2E-6 243 243.062003 3E-6 244 244.064204 5E-6 245 245.067747 15E-6 246 246.070205 16E-6 247 247.07407 320E-6
Am 95  231 231.04556 320E-6 232 232.04659 320E-6 233 233.04635 110E-6 234 234.04781 220E-6 235 235.04795 130E-6 236 236.04958 110E-6 237 237.05 60E-6 238 238.05198 50E-6 239 239.0530245 2.6E-6 240 240.0553 15E-6 241 241.0568291 2E-6 242 242.0595492 2E-6 243 243.0613811 2.5E-6 244 244.0642848 2.2E-6 245 245.066452 4E-6 246 246.069775 20E-6 247 247.07209 110E-6 248 248.07575 220E-6 249 249.07848 320E-6
Cm 96  233 233.05077 80E-6 234 234.05016 20E-6 235 235.05143 220E-6 236 236.05141 220E-6 237 237.0529 220E-6 238 238.05303 40E-6 239 239.05496 110E-6 240 240.0555295 2.5E-6 241 241.057653 2.3E-6 242 242.0588358 2E-6 243 243.0613891 2.2E-6 244 244.0627526 2E-6 245 245.0654912 2.2E-6 246 246.0672237 2.2E-6 247 247.070354 5E-6 248 248.072349 5E-6 249 249.075953 5E-6 250 250.078357 12E-6 251 251.082285 24E-6 252 252.08487 320E-6
Bk 97  235 235.05658 430E-6 236 236.05733 430E-6 237 237.057 240E-6 238 238.05828 310E-6 239 239.05828 250E-6 240 240.05976 160E-6 241 241.06023 220E-6 242 242.06198 220E-6 243 243.063008 5E-6 244 244.065181 16E-6 245 245.0663616 2.5E-6 246 246.06867 60E-6 247 247.070307 6E-6 248 248.07309 80E-6 249 249.0749867 2.8E-6 250 250.078317 4E-6 251 251.08076 12E-6 252 252.08431 220E-6 253 253.08688 390E-6 254 254.0906 320E-6
Cf 98  237 237.06207 540E-6 238 238.06141 430E-6 239 239.06242 230E-6 240 240.0623 220E-6 241 241.06373 270E-6 242 242.0637 40E-6 243 243.06543 150E-6 244 244.066001 3E-6 245 245.068049 3E-6 246 246.0688053 2.2E-6 247 247.071001 9E-6 248 248.072185 6E-6 249 249.0748535 2.4E-6 250 250.0764061 2.2E-6 251 251.079587 5E-6 252 252.081626 5E-6 253 253.085133 7E-6 254 254.087323 13E-6 255 255.09105 220E-6 256 256.09344 320E-6
Es 99  240 240.06892 430E-6 241 241.06854 240E-6 242 242.06975 350E-6 243 243.06955 250E-6 244 244.07088 200E-6 245 245.07132 220E-6 246 246.0729 240E-6 247 247.07366 30E-6 248 248.07547 60E-6 249 249.07641 30E-6 250 250.07861 110E-6 251 251.079992 7E-6 252 252.08298 50E-6 253 253.0848247 2.8E-6 254 254.088022 5E-6 255 255.090273 12E-6 256 256.0936 110E-6 257 257.09598 440E-6 258 258.09952 320E-6
Fm 100  242 242.07343 430E-6 243 243.07435 230E-6 244 244.07408 300E-6 245 245.07539 300E-6 246 246.0753 40E-6 247 247.07685 150E-6 248 248.077195 13E-6 249 249.07903 110E-6 250 250.079521 13E-6 251 251.081575 9E-6 252 252.082467 6E-6 253 253.085185 4E-6 254 254.0868542 3E-6 255 255.089962 5E-6 256 256.091773 8E-6 257 257.095105 7E-6 258 258.09708 220E-6 259 259.1006 300E-6 260 260.10268 540E-6
Md 101  245 245.08083 350E-6 246 246.08189 350E-6 247 247.08164 350E-6 248 248.08282 260E-6 249 249.08301 240E-6 250 250.08442 320E-6 251 251.08484 220E-6 252 252.08656 210E-6 253 253.08728 220E-6 254 254.08966 110E-6 255 255.091083 7E-6 256 256.09406 60E-6 257 257.095541 3E-6 258 258.098431 5E-6 259 259.10051 220E-6 260 260.10365 340E-6 261 261.10572 700E-6 262 262.10887 630E-6
No 102  248 248.0866 320E-6 249 249.08783 370E-6 250 250.08751 220E-6 251 251.08901 190E-6 252 252.088977 14E-6 253 253.09068 110E-6 254 254.090955 19E-6 255 255.093241 11E-6 256 256.094283 8E-6 257 257.096877 23E-6 258 258.09821 220E-6 259 259.10103 110E-6 260 260.10264 220E-6 261 261.10575 320E-6 262 262.1073 480E-6 263 263.11055 530E-6 264 264.11235 690E-6
Lr 103  251 251.09436 320E-6 252 252.09537 270E-6 253 253.09521 240E-6 254 254.09645 360E-6 255 255.09668 220E-6 256 256.09863 240E-6 257 257.09956 220E-6 258 258.10181 110E-6 259 259.1029 80E-6 260 260.1055 120E-6 261 261.10688 220E-6 262 262.10963 220E-6 263 263.11129 390E-6 264 264.11404 470E-6 265 265.11584 770E-6 266 266.11931 700E-6
Rf 104  253 253.10069 490E-6 254 254.10018 310E-6 255 255.10134 190E-6 256 256.101166 26E-6 257 257.10299 110E-6 258 258.10349 220E-6 259 259.10564 80E-6 260 260.10644 220E-6 261 261.10877 30E-6 262 262.10993 300E-6 263 263.11255 200E-6 264 264.11399 480E-6 265 265.1167 460E-6 266 266.11796 580E-6 267 267.12153 620E-6 268 268.12364 760E-6
Db 105  255 255.1074 450E-6 256 256.10813 310E-6 257 257.10772 240E-6 258 258.10923 370E-6 259 259.10961 230E-6 260 260.1113 250E-6 261 261.11206 250E-6 262 262.11408 200E-6 263 263.11499 180E-6 264 264.1174 250E-6 265 265.1186 300E-6 266 266.12103 390E-6 267 267.12238 500E-6 268 268.12545 570E-6 269 269.12746 830E-6 270 270.13071 770E-6
Sg 106  258 258.11317 450E-6 259 259.1145 190E-6 260 260.11442 40E-6 261 261.11612 140E-6 262 262.1164 300E-6 263 263.11832 130E-6 264 264.11893 300E-6 265 265.12111 60E-6 266 266.12207 310E-6 267 267.12443 290E-6 268 268.12561 580E-6 269 269.12876 700E-6 270 270.13033 660E-6 271 271.13347 700E-6 272 272.13516 820E-6 273 273.13822 710E-6
Bh 107  260 260.12197 620E-6 261 261.12166 250E-6 262 262.12289 370E-6 263 263.12304 390E-6 264 264.1246 300E-6 265 265.12515 410E-6 266 266.12694 220E-6 267 267.12765 280E-6 268 268.12976 410E-6 269 269.13069 440E-6 270 270.13362 500E-6 271 271.13518 600E-6 272 272.13803 650E-6 273 273.13962 890E-6 274 274.14244 840E-6 275 275.14425 700E-6
Hs 108  263 263.12856 370E-6 264 264.12839 50E-6 265 265.13009 150E-6 266 266.1301 310E-6 267 267.13179 110E-6 268 268.13216 440E-6 269 269.13406 130E-6 270 270.13465 310E-6 271 271.13766 360E-6 272 272.13905 620E-6 273 273.14199 890E-6 274 274.14313 700E-6 275 275.14595 770E-6 276 276.14721 890E-6 277 277.14984 780E-6
Mt 109  265 265.13615 500E-6 266 266.1373 370E-6 267 267.13731 580E-6 268 268.13873 340E-6 269 269.13906 590E-6 270 270.14066 580E-6 271 271.14114 610E-6 272 272.14374 520E-6 273 273.14491 550E-6 274 274.14749 600E-6 275 275.14865 640E-6 276 276.15116 730E-6 277 277.15242 950E-6 278 278.15481 900E-6 279 279.15619 770E-6
Ds 110  267 267.14434 390E-6 268 268.1438 540E-6 269 269.14512 150E-6 270 270.14472 310E-6 271 271.14606 110E-6 272 272.14632 700E-6 273 273.14886 140E-6 274 274.14949 530E-6 275 275.15218 480E-6 276 276.15303 650E-6 277 277.15565 1040E-6 278 278.15647 730E-6 279 279.15886 800E-6 280 280.1598 910E-6 281 281.16206 780E-6
Rg 111  272 272.15362 360E-6 273 273.15368 650E-6 274 274.15571 660E-6 275 275.15614 740E-6 276 276.15849 670E-6 277 277.15952 660E-6 278 278.1616 680E-6 279 279.16247 710E-6 280 280.16447 800E-6 281 281.16537 1000E-6 282 282.16749 950E-6 283 283.16842 840E-6
Uub 112  277 277.16394 140E-6 278 278.16431 570E-6 279 279.16655 530E-6 280 280.16704 690E-6 281 281.16929 1060E-6 282 282.16977 760E-6 283 283.17179 830E-6 284 284.17238 910E-6 285 285.17411 780E-6
Uut 113  283 283.17645 780E-6 284 284.17808 860E-6 285 285.17873 1050E-6 286 286.18048 1010E-6 287 287.18105 900E-6
Uuq 114  285 285.1837 1110E-6 286 286.18386 830E-6 287 287.1856 830E-6 288 288.18569 910E-6 289 289.18728 790E-6
Uup 115  287 287.19119 850E-6 288 288.19249 920E-6 289 289.19272 1100E-6 290 290.19414 1060E-6 291 291.19438 950E-6
