# Boilingpoint of the chemical elements
# Unit: Kelvin
#
# Sources: see boilingpoint.bibxml
# License: The MIT License
1 20.28
2 4.216
3 1615
4 3243
5 4275
6 5100
7 77.344
8 90.188
9 85
10 27.1
11 1156
12 1380
13 2740
14 2630
15 553
16 717.82
17 239.18
18 87.45
19 1033
20 1757
21 3109
22 3560
23 3650
24 2945
25 2235
26 3023
27 3143
28 3005
29 2840
30 1180
31 2478
32 3107
33 876
34 958
35 331.85
36 120.85
37 961
38 1655
39 3611
40 4682
41 5015
42 4912
43 4538
44 4425
45 3970
46 3240
47 2436
48 1040
49 2350
50 2876
51 1860
52 1261
53 457.5
54 165.1
55 944
56 2078
57 3737
58 3715
59 3785
60 3347
61 3273
62 2067
63 1800
64 3545
65 3500
66 2840
67 2968
68 3140
69 2223
70 1469
71 3668
72 4875
73 5730
74 5825
75 5870
76 5300
77 4700
78 4100
79 3130
80 629.88
81 1746
82 2023
83 1837
85 610
86 211.4
87 950
88 1413
89 3470
90 5060
91 4300
92 4407
93 4175
94 3505
95 2880
96 3383
97 983
98 1173
118 250
