# Meltingpoint of the chemical elements
# Unit: Kelvin
#
# Sources: see meltingpoint.bibxml
# License: The MIT License
1 13.81
2 0.95
3 453.7
4 1560
5 2365
6 3825
7 63.15
8 54.8
9 53.55
10 24.55
11 371
12 922
13 933.5
14 1683
15 317.3
16 392.2
17 172.17
18 83.95
19 336.8
20 1112
21 1814
22 1935
23 2163
24 2130
25 1518
26 1808
27 1768
28 1726
29 1356.6
30 692.73
31 302.92
32 1211.5
33 1090
34 494
35 265.95
36 116
37 312.63
38 1042
39 1795
40 2128
41 2742
42 2896
43 2477
44 2610
45 2236
46 1825
47 1235.1
48 594.26
49 429.78
50 505.12
51 903.91
52 722.72
53 386.7
54 161.39
55 301.54
56 1002
57 1191
58 1071
59 1204
60 1294
61 1315
62 1347
63 1095
64 1585
65 1629
66 1685
67 1747
68 1802
69 1818
70 1092
71 1936
72 2504
73 3293
74 3695
75 3455
76 3300
77 2720
78 2042.1
79 1337.58
80 234.31
81 577
82 600.65
83 544.59
84 527
85 575
86 202
87 300
88 973
89 1324
90 2028
91 1845
92 1408
93 912
94 913
95 1449
96 1620
97 1258
98 1172
99 1130
100 1800
101 1100
102 1100
103 1900
